{"format":"Fragmenter canonical visual state v2","generated_at":"2026-07-15T23:58:57Z","records":[["ca1ab_rd.ccs","",0,"","ANM_ca1anut0",0,[2.6598256760175962,0.9847243464604493,2.202927104000001,0.0,0.0,"Dark Gray",[-0.947813232008183,-0.11709024547738801,0.29654671072909805,0.18966846563576484,0.5405566634284791,0.8196489289729137,-0.25627319480112826,0.8331196600951841,-0.49013843104709515],[0.9713771885423788,-2.4675848162572533,1.4026587368837056]]],["cb9ab_yl.ccs","",0,"","ANM_cb9anut0",0,[1.8492659020439068,1.2688817890486417,1.25,0.0,0.0,"Dark Gray",[-0.9537130733606318,-0.27519953061181285,0.12122950157472438,0.09325230499617737,0.11261200117967782,0.9892535290830194,-0.2858940036340709,0.9547689540099984,-0.08173654717894399],[0.7772918919723012,-2.7712666825952215,0.1052581045348214]]],["cwdhkn03_3.ccs","",0,"","Initial Pose",0,[1.5140918570227118,1.3626337503385537,1.25,0.0,0.0,"Dark Gray",[0.0035238796636490664,-0.011226876385252675,0.9999307673627943,0.9784760483529995,0.20635731830822424,-0.0011313620715000074,-0.20633032998474737,0.9784122926595253,0.011712407998221153],[0.6189909899542513,-2.9352368779785825,-0.03513722399466096]]],["e3x1.ccs","",0,"","ANM_e3x1nut0",0,[2.9889745699655963,-0.21732430313754178,3.466348446812736,0.0,0.0,"Dark Gray",[-0.06038399027200866,-0.9721438906647025,0.22647302170926445,-0.9870746051127731,0.09189825614365342,0.13129521872184993,-0.14845032051259746,-0.2156176392623073,-0.9651277303956491],[0.44535096153779097,0.6468529177869234,2.89538319118695]]],["ede1.ccs","just wings?",1,"C:\\games\\areaserver\\FragmentModKit\\FragmenterFresh\\project\\reports\\visual_flags\\20260715_194758_CCSFede1.zip","",0,null],["euga.ccs","",0,"","ANM_euganut0",0,[1.8018183647244932,0.708265965061031,1.9232613713313222,0.0,0.0,"Dark Gray",[-0.6581937955316516,-0.7526507262471277,-0.01725722466997239,-0.1421140367256563,0.10170310117748742,0.9846116390620316,-0.7393135519447601,0.6505177656994106,-0.17390258313282622],[2.2179406558342842,-1.9515532970982348,0.5217077493984813]]],["rtpc3.ccs","",0,"","ANM_chk2nut3",0,[-0.2129685962780673,1.2590841100771644,2.4672783564800014,-0.056910569105691054,-0.11851851851851851,"Dark Gray",[-0.863551239593034,-0.09703093900589563,0.4948376031315413,0.5000772986283334,-0.2909347190509245,0.8156467891479425,0.06482246519473922,0.9518098476725243,0.2997600071385158],[-0.1944673955842161,-2.8554295430175776,-0.8992800214155438]]],["str8800e.ccs","needs further review",1,"C:\\games\\areaserver\\FragmentModKit\\FragmenterFresh\\project\\reports\\visual_flags\\20260715_190939_CCSFstr8800e.zip","",0,null],["x21.ccs","",0,"","ANM_ex21nut0",0,[2.840038074420729,1.401517993662996,4.838852051236055,-0.03368176538908249,-0.1851851851851852,"Dark Gray",[-0.9965157408102329,-0.0385115617859433,0.0739813349855249,0.06672857625967395,0.1640102171582461,0.9841991392894337,-0.050036740779050126,0.9857066035471775,-0.1608689413643843],[0.4503264261794827,-5.363847723486788,1.180785117983106]]],["xeffect.ccs","labeled as effects, not showing anything until we explore sub clumps. Flagged for further investigation.",1,"C:\\games\\areaserver\\FragmentModKit\\FragmenterFresh\\project\\reports\\visual_flags\\20260715_192231_CCSFxeffect.zip","",0,null],["xpa1f_rd.ccs","pfp facing camera",0,"","Initial Pose",0,[-3.1084366587646994,0.1383454591140095,1.25,0.0,0.0,"Dark Gray",[-0.9930679944048407,0.1163445848455104,-0.016730094616386824,0.11286248321567016,0.9835884641075648,0.14076858014810723,0.032833190084729645,0.1379045715400594,-0.9899011621253976],[-0.09849957025418864,-0.41371371462017004,2.9697034863761975]]]]}
