{"format":"Fragmenter canonical visual state v2","generated_at":"2026-07-15T23:58:57Z","records":[["ca1ab_bl.ccs","working model with proper alignment. \nZYX ZYX +-+ LxP",1,"C:\\games\\areaserver\\FragmentModKit\\FragmenterFresh\\project\\reports\\visual_flags\\20260715_182629_CCSFca1ab_bl.zip","ANM_ca1anut1",0,[-1.7532813461364638,1.4518540307469696,1.25,0.0,0.0,"Dark Gray",[-0.9930679944048407,0.1163445848455104,-0.016730094616386824,-0.01410651994168529,0.023337052153046055,0.9996281249004257,0.11669175028202405,0.9929347005588696,-0.021534062370716322],[-0.35007525084607255,-2.9788041016766096,0.06460218711215328]]],["cb7hb_br.ccs","missing a lot ",1,"C:\\games\\areaserver\\FragmentModKit\\FragmenterFresh\\project\\reports\\visual_flags\\20260715_170319_CCSFcb7hb_br.zip","",0,null],["ctbu2.ccs","",1,"C:\\games\\areaserver\\FragmentModKit\\FragmenterFresh\\project\\reports\\visual_flags\\20260714_210436_CCSFctbu2.zip","",0,null],["cwm2body.ccs","Helba!!",0,"","",0,null],["ebx1.ccs","looks like Rei",0,"","ANM_ebx1nut0",0,[-2.8788050707749275,-0.13093906951603063,0.6121899444660681,0.3530778164924492,0.3086419753086442,"Dark Gray",[-0.1116646848037116,-0.9882120435519123,0.10472800555076633,-0.9597911990631457,0.07993545812990382,-0.2690932491432879,0.2575497085391808,-0.1305652308714537,-0.9574031899460473],[-0.40006407779229436,-0.2356987993506751,0.40506377578015584]]],["elx1.ccs","cute dragon, looks like Celdra.",0,"","ANM_elx1mov0",5,[-2.6327521677264185,-0.5296944327979687,2.160967832956542,0.0,0.0,"Dark Gray",[-0.4818625883853109,-0.8281180546481184,0.2864069368580736,-0.7688097377738974,0.2427406971580499,-0.5916151967683514,0.42040460632424054,-0.5052696720653636,-0.7536328850788827],[-1.3046011928291519,1.6243516901230837,2.1585868790630225]]],["ezx1.ccs","",0,"","ANM_ezx1nut0",0,[0.6831749661293001,0.3019556443118969,3.7840291581141856,0.0,0.0,"Dark Gray",[0.4599291896333246,-0.62885309253841,0.6269042419126796,0.6520887689630122,0.7184039267048409,0.2422313676784433,-0.6026984137323882,0.2973879387264112,0.7404829748107107],[1.8080952411971667,-0.8921638161792301,-2.221448924432133]]],["sfzair1.ccs","wireframe loads, texture invisible",1,"C:\\games\\areaserver\\FragmentModKit\\FragmenterFresh\\project\\reports\\visual_flags\\20260715_190218_CCSFsfzair1.zip","",0,null],["x01.ccs","",1,"C:\\games\\areaserver\\FragmentModKit\\FragmenterFresh\\project\\reports\\visual_flags\\20260714_211804_CCSFx01.zip","",0,null],["x81.ccs","coin is different on either side",0,"","",0,null],["xgfood0b.ccs","Piney apple",0,"","ANM_xgfood0ba",0,[0.40778062870196957,1.4528627075879585,1.25,0.0,0.0,"Dark Gray",[-0.974865683284884,-0.021688592022505265,-0.2217352126514364,-0.2178523723838616,-0.11564420584456515,0.9691061662693635,-0.04666094084156151,0.9930538870729329,0.1080126565228313],[0.13998282252468677,-2.9791616612188045,-0.32403796956849623]]]]}
