{"format":"Fragmenter canonical visual state v2","generated_at":"2026-07-15T23:58:57Z","records":[["ca1ab_yl.ccs","",0,"","ANM_ca1anut0",0,[-2.9380085400341907,-0.12183977612024545,3.882310260430265,0.0011614401858304289,0.5901234567901235,"Dark Gray",[0.03946165563058934,-0.9904661903341856,0.13198296685473426,-0.9788613566000544,-0.0648467951711949,-0.1939725179274791,0.2006818932788753,-0.12153854927927267,-0.9720880406368015],[-0.28609722861101866,0.48991892501079637,2.9458662262053528]]],["cb9bb_bl.ccs","has no wireframe",1,"C:\\games\\areaserver\\FragmentModKit\\FragmenterFresh\\project\\reports\\visual_flags\\20260715_165814_CCSFcb9bb_bl.zip","",0,null],["cwdhkn05.ccs","",0,"","Initial Pose",0,[1.1745685178386447,1.1203402386897139,1.25,0.0,0.0,"Dark Gray",[-0.018589840256142916,0.1754269317207222,-0.9843169253174022,-0.9156068743247019,-0.3984693248333687,-0.05372382019355307,-0.40164470559015336,0.9002486260994196,0.16802958572080878],[1.2049341167704637,-2.700745878298264,-0.5040887571624283]]],["e4x1.ccs","",0,"","ANM_e4x1nut0",0,[-3.131007038842614,0.15726016496646344,1.9418434789276822,0.0,0.0,"Dark Gray",[0.29098908436207704,-0.945390876925426,-0.146838151065362,-0.9566692479989828,-0.2858470385249948,-0.05545647391920089,0.0104547938851458,0.15661277212495855,-0.9876047473013457],[-0.03136438165543683,-0.46983831637487566,2.962814241904047]]],["edx1.ccs","a bat",0,"","ANM_edx1nut0",0,[0.189003450259668,0.9312996512604967,3.466348446812736,-0.17073170731707302,0.47407407407407426,"Dark Gray",[-0.9936329041252308,-0.08398922980841785,-0.0750963455558863,-0.011025565839974888,-0.5908519986899193,0.806704625338194,-0.11212532603104744,0.8023962393483138,0.58616395858336],[0.7006548302665015,-2.076345060165683,-2.0488713966351866]]],["eux1.ccs","skull",0,"","ANM_eux1nut0",0,[1.7272094029749538,1.3684066163301203,1.25,0.0,0.0,"Dark Gray",[-0.9789259951554358,-0.19666385713750417,0.05502020814881916,0.04773911918294206,0.041577442767377126,0.9979941346283365,-0.19855697547197096,0.9795890176746189,-0.03131268022220842],[0.5998643747055755,-2.9217092787274117,0.3221453438391448]]],["sd1.ccs","wireframe exists in the shape of a box, no textures.",1,"C:\\games\\areaserver\\FragmentModKit\\FragmenterFresh\\project\\reports\\visual_flags\\20260715_185926_CCSFsd1.zip","",0,null],["str8803.ccs","no geometry",0,"","",0,null],["x304.ccs","missing textures. ",1,"C:\\games\\areaserver\\FragmentModKit\\FragmenterFresh\\project\\reports\\visual_flags\\20260715_205409_CCSFx304.zip","",0,null],["xgbbox0.ccs","yellow chest",0,"","ANM_xgbbox00",0,[2.7368548985606966,1.412859757813075,1.25,0.0,0.0,"Dark Gray",[-0.9927519967091029,-0.07590081413426125,-0.09318014511603892,-0.10299365675513406,0.13775454408317545,0.9850969456112643,-0.06193367176500495,0.9875539235900958,-0.14457340109270383],[0.18580101529501344,-2.9626617707703002,0.4337202032781118]]],["xpa3a_rd.ccs","This profile picture is facing camera.",0,"","Initial Pose",0,[-3.094887739160399,0.24955449397654386,1.7561600000000004,0.0,0.0,"Dark Gray",[-0.9930679944048407,0.1163445848455104,-0.016730094616386824,0.10848571531005557,0.9620128020356948,0.25052388766961237,0.04524166290503692,0.24697227839690192,-0.9679658494187853],[-0.13572498871511052,-0.7409168351907008,2.903897548256361]]]]}
