{"format":"Fragmenter canonical visual state v2","generated_at":"2026-07-15T23:58:57Z","records":[["aur2body.ccs","",0,"","ANM_caurnut2",0,[-3.129999999999999,1.4400000000000002,1.1125,0.0,0.0,"Dark Gray",[],[]]],["cb7eb_bl.ccs","looks like just a shoulder pad or something, should be a full character.",1,"C:\\games\\areaserver\\FragmentModKit\\FragmenterFresh\\project\\reports\\visual_flags\\20260715_170356_CCSFcb7eb_bl.zip","",0,null],["ct1cb_br.ccs","no wireframe",1,"C:\\games\\areaserver\\FragmentModKit\\FragmenterFresh\\project\\reports\\visual_flags\\20260715_170632_CCSFct1cb_br.zip","",0,null],["cwdhsw03_2.ccs","",0,"","Initial Pose",0,[-0.55,-1.3779999999999992,1.25,0.0,0.0,"Dark Gray",[0.8525245220595057,0.0,-0.5226872289306592,0.5130030290528111,0.19160415776790587,0.8367291909027031,0.10014904627529957,-0.9814722852562121,0.16334724302569809],[-0.3004471388258969,2.9444168557686363,-0.4900417290770923]]],["eax1.ccs","scarewcrow",0,"","ANM_eax1nut0",0,[2.990869213464985,1.2412360958301079,1.9668992000000005,-0.052264808362369325,0.15308641975308646,"Dark Gray",[-0.8714750663728211,0.11635347406548188,0.47643790546447956,0.48802649709958135,0.30198721220355246,0.818922378369427,-0.04859369114606796,0.9461847561329763,-0.3199579041723781],[0.027179383295659772,-2.920016195857534,0.6875803204378175]]],["ekx1.ccs","A dagger, but with attack animations, likely an enemy.",0,"","ANM_ekx1nut0",22,[-0.20009782336882467,1.3106843425442534,1.25,0.0,0.0,"Dark Gray",[0.9193285712825789,0.05306492818570893,-0.3898962572533593,-0.3901560013571228,0.25165487714350737,-0.8856907572143378,0.05112017829148248,0.9663611831021214,0.2520571188538726],[-0.030400503871121722,-2.894320461681015,-0.7886601767928898]]],["ewx1.ccs","",0,"","ANM_ewx1nut0",0,[1.1807356501814872,-1.3110867116317713,1.25,0.0,0.0,"Dark Gray",[0.8045430117587741,-0.252050244023586,-0.537755722161812,0.5443337542174245,-0.04916168606327645,0.8374269476455725,-0.2375106444976428,-0.9664645896829673,0.09764676461228874],[0.637087696784417,2.8764102933726714,-0.5660239312835381]]],["se2_1.ccs","creators room, blank",0,"","",0,null],["titleo.ccs","appears part of the title, has clumps and animations, flagged for further investigation.",1,"C:\\games\\areaserver\\FragmentModKit\\FragmenterFresh\\project\\reports\\visual_flags\\20260715_192524_CCSFtitleo.zip","",0,null],["x7404cam.ccs","no clue, no geometry",1,"C:\\games\\areaserver\\FragmentModKit\\FragmenterFresh\\project\\reports\\visual_flags\\20260715_192821_CCSFx7404cam.zip","",0,null],["xgfood0a.ccs","shit, mandragora maybe?",0,"","",0,null]]}
