{"format":"Fragmenter canonical visual state v2","generated_at":"2026-07-15T23:58:57Z","records":[["ca1ab_pp.ccs","",0,"","ANM_ca1anut0",0,[2.820314168318853,0.6679965490966309,1.25,0.0,0.0,"Dark Gray",[-0.9682029480115616,-0.1317906595969302,0.21263648206440847,0.03353997151344277,0.7739231428523985,0.6323907330664669,-0.2479074863181806,0.6194143936013048,-0.7448944134754464],[0.7437224589545436,-1.8582431808039113,2.234683240426345]]],["cb9ab_br.ccs","",0,"","ANM_cb9anut0",0,[0.9793784448069845,1.1912407149149224,1.25,0.0,0.0,"Dark Gray",[-0.9281934108062073,-0.3406589634792412,0.14969456482180155,0.20941144355320002,-0.14569646497582148,0.9669122956103693,-0.30757737147733155,0.92882937652445,0.20657238406983958],[0.9227321144319968,-2.786488129573354,-0.6197171522095121]]],["cwdhkn03.ccs","",0,"","Initial Pose",0,[1.7168148870085773,0.8292909154817635,1.1125,0.0,0.15802469135802466,"Dark Gray",[-0.15111896709687575,-0.0052052970459901225,0.9885018779275214,0.7284617930791357,0.6753787871712815,0.1149213203151582,-0.6682113990403814,0.7374526416806111,-0.09827068469683325],[1.6197090302067305,-2.524619849338278,0.05326606606491009]]],["e2x1.ccs","",0,"","ANM_e2x1nut0",0,[-2.4595470804081514,-0.26358294413180466,3.466348446812736,0.0,0.0,"Dark Gray",[-0.2459055116222759,-0.9599820748299547,0.13403318752817195,-0.7544028461792546,0.10272578417807014,-0.6483238071686407,0.6086105692726892,-0.260541415652437,-0.7494740460478917],[-1.953619016059674,0.7085096208211186,2.1636512790405864]]],["ecx1.ccs","might be a crab, has crab-like geometry.\nConfirmed, crab. ~Fade",0,"","",0,null],["etx1.ccs","coins, maybe an effect?",0,"","",0,null],["particle.ccs","seems wrong/crumpled.",1,"C:\\games\\areaserver\\FragmentModKit\\FragmenterFresh\\project\\reports\\visual_flags\\20260715_185742_CCSFparticle.zip","",0,null],["str8000.ccs","flagged for review",1,"C:\\games\\areaserver\\FragmentModKit\\FragmenterFresh\\project\\reports\\visual_flags\\20260715_195322_CCSFstr8000.zip","",0,null],["x11.ccs","",0,"","ANM_ex11nut0",0,[2.913593533386694,0.19377752844648138,2.802851229659882,0.0,0.0,"Dark Gray",[-0.2593086785797305,-0.9566549504299017,-0.13255306496341984,-0.9399810868324878,0.21847018695621825,0.2621189306565439,-0.22179847972979672,0.1925670876065731,-0.9558887755174622],[0.6653954391893876,-0.5777012628197183,2.867666326552389]]],["xdl_log.ccs","rendering weird",1,"C:\\games\\areaserver\\FragmentModKit\\FragmenterFresh\\project\\reports\\visual_flags\\20260715_171451_CCSFxdl_log.zip","",0,null],["xp_text.ccs","need to have the correct clump+animation. UI element of some sort. flagged for further investigation",1,"C:\\games\\areaserver\\FragmentModKit\\FragmenterFresh\\project\\reports\\visual_flags\\20260715_192301_CCSFxp_text.zip","",0,null]]}
