{"format":"Fragmenter canonical visual state v2","generated_at":"2026-07-15T23:58:57Z","records":[["ca1ab_gr.ccs","",0,"","ANM_ca1anut0",0,[2.286858417188182,0.8159532717343407,2.4672783564800014,0.0,0.0,"Dark Gray",[-0.8506327392157214,-0.378007827449489,0.36542307721499495,0.09615316516149144,0.5714665242138337,0.8149727483372601,-0.5168931338330832,0.7283790868015619,-0.4497614857970133],[1.426024655828183,-2.1239021907541886,1.5670013289974116]]],["cb9ab_bl.ccs","",0,"","ANM_cb9anut0",0,[2.422832148462308,1.358890321892786,2.202927104000001,0.0,0.0,"Dark Gray",[-0.9901195198014505,-0.13312192574317028,0.04406687411849331,0.022008735552386645,0.16283301687872762,0.9864081427956468,-0.13848809359483,0.9776318128521606,-0.15829430321988136],[0.2975493303068216,-2.903575079118166,0.6933369714344532]]],["cw1hsw12.ccs","character weapon list ends here",0,"","",0,null],["e1x1.ccs","",0,"","ANM_e1x1nut0",0,[2.8514545719322597,-0.3179039202025673,3.466348446812736,0.0,0.0,"Dark Gray",[0.10993494523461958,-0.9496745909943247,0.29331293704169153,-0.9560682279809887,-0.020354158104057343,0.2924367481920961,-0.2717496113365272,-0.3125761978584376,-0.9101913366269805],[0.8152488340095803,0.9377285935753125,2.7305740098809412]]],["ecsx.ccs","",1,"C:\\games\\areaserver\\FragmentModKit\\FragmenterFresh\\project\\reports\\visual_flags\\20260714_214302_CCSFecsx.zip","",0,null],["esx1.ccs","snake charmer",0,"","ANM_esx1nut0",0,[-3.0902504886890365,0.41130298781442187,4.348187491681897,0.0,0.0,"Dark Gray",[-0.07978499649003643,-0.9119755571337143,-0.4024114033246779,-0.9957015774476395,0.091963881752883,-0.011000596403102378,0.04703958974488481,0.3998039865278903,-0.9153928388145931],[-0.3041914537560838,-1.9124982743503534,4.516279004409385]]],["field_a1.ccs","",0,"","ANM_sfa1mag1",0,[2.460630671696675,1.352459656665722,2.4672783564800014,0.009291521486643438,0.08888888888888888,"Dark Gray",[-0.9902635033860463,-0.12952653420445437,0.05100069409896531,0.027991108963071505,0.17361184274677602,0.9844162868812596,-0.13636235433803343,0.9762590870230357,-0.1682958802952039],[0.40908706301409864,-2.9287772610691163,0.5048876408856081]]],["str7424e.ccs","looks like the front of a ship? ~Fade",0,"","Initial Pose",0,[0.06594043828713592,0.11744407923558729,2.754509033627978,0.0,0.0,"Dark Gray",[0.9969044987795628,0.051048037163046206,0.05979563708891415,-0.043579697749444486,0.9917985109308503,-0.12015208553918265,-0.06543875195276828,0.11717427882068769,0.990953055460104],[0.1640569467083389,-0.2844237192385291,-2.98197727459002]]],["x104.ccs","",0,"","ANM_x104",0,[-1.945848500957597,0.013807620561466536,1.9668992000000005,0.0,0.0,"Dark Gray",[-0.06307230431684997,0.9904158149313914,-0.12287553850116217,0.36107903874273867,0.13742589007813272,0.9223535398733249,0.9303998130958447,0.013807181827618156,-0.3662861579710549],[-2.751797357235856,0.13522206427143277,1.1871504951117053]]],["xdl_load.ccs","rendering weird. ",1,"C:\\games\\areaserver\\FragmentModKit\\FragmenterFresh\\project\\reports\\visual_flags\\20260715_171405_CCSFxdl_load.zip","",0,null],["xnote.ccs","says note, has no geometry.",1,"C:\\games\\areaserver\\FragmentModKit\\FragmenterFresh\\project\\reports\\visual_flags\\20260715_193023_CCSFxnote.zip","",0,null]]}
