{"format":"Fragmenter canonical visual state v2","generated_at":"2026-07-15T23:58:57Z","records":[["ca1ab_br.ccs","I have positioned this character as best I could, head is up, feet are down. the characters left leg is closer to camera, right leg further away. Arms in the air like the just don't care.",1,"C:\\games\\areaserver\\FragmentModKit\\FragmenterFresh\\project\\reports\\visual_flags\\20260715_170606_CCSFca1ab_br.zip","ANM_ca1anut0",0,[2.171156243033273,0.9533003373771819,1.25,0.013937282229965157,0.3975308641975308,"Dark Gray",[-0.8760494333377064,-0.4143865040834542,0.2466195766401708,0.06553181295144758,0.4043754150058817,0.9122423500529437,-0.4777478119677579,0.8153308217970877,-0.3270973542964013],[0.8205863399425795,-1.756820089159764,0.15453800798696887]]],["cb7hb_gr.ccs","definately not loading properly.",1,"C:\\games\\areaserver\\FragmentModKit\\FragmenterFresh\\project\\reports\\visual_flags\\20260715_170245_CCSFcb7hb_gr.zip","",0,null],["cw1hst00.ccs","character weapon list starts here, ",0,"","",0,null],["cz1ebody.ccs","Baby Kite! ",0,"","",0,null],["ecs1.ccs","",1,"C:\\games\\areaserver\\FragmentModKit\\FragmenterFresh\\project\\reports\\visual_flags\\20260714_214239_CCSFecs1.zip","",0,null],["epx1.ccs","flower guy",0,"","ANM_epx1nut0",0,[-2.868553633399012,1.1541962731099276,2.1958777372672014,-0.16840882694541223,0.0,"Dark Gray",[-0.8972422168918373,0.2593345513941989,0.3573541586160583,0.4278428998898245,0.31062866256722,0.8487993208088505,0.10911854673192359,0.9144700238088014,-0.3896635963420797],[0.24413135531955368,-2.8423863612920344,0.9280299857714159]]],["field_a.ccs","",0,"","ANM_sfa1mag1",0,[1.429436264531075,1.3427706973415738,3.466348446812736,-0.08478513356562138,-0.8024691358024691,"Dark Gray",[-0.9721413305155148,-0.2207718936362797,-0.07874645696014608,-0.06967675682450133,-0.048584970529973445,0.9963857938554831,-0.2237998727925113,0.9741146090778297,0.03184878834748572],[0.6731989861387925,-2.8672416523246187,0.5707262323010246]]],["str7400e.ccs","no geometry?",1,"C:\\games\\areaserver\\FragmentModKit\\FragmenterFresh\\project\\reports\\visual_flags\\20260715_190536_CCSFstr7400e.zip","",0,null],["x02.ccs","no wireframe",1,"C:\\games\\areaserver\\FragmentModKit\\FragmenterFresh\\project\\reports\\visual_flags\\20260715_191227_CCSFx02.zip","",0,null],["xdhhack.ccs","flagged for further investigation.",1,"C:\\games\\areaserver\\FragmentModKit\\FragmenterFresh\\project\\reports\\visual_flags\\20260715_192636_CCSFxdhhack.zip","",0,null],["xgfood0c.ccs","",0,"","ANM_xgfood0ca",0,[0.28615747717524626,1.4870989738928864,1.25,0.0,0.0,"Dark Gray",[-0.9905951099232481,-0.0124916825458324,-0.1362544900666486,-0.13477568581058122,-0.08266112867074728,0.987422225960691,-0.02359751492076643,0.9964994208096923,0.08020013475993601],[0.07079254476229964,-2.989498262429083,-0.24060040427980503]]]]}
