{"format":"Fragmenter canonical visual state v2","generated_at":"2026-07-15T23:58:57Z","records":[["aur1body.ccs","aura",0,"","ANM_caurnut1",0,[-3.1540000000000017,1.508,0.88121125,0.0,0.0,"Black",[],[]]],["ca1cb_br.ccs","",1,"C:\\games\\areaserver\\FragmentModKit\\FragmenterFresh\\project\\reports\\visual_flags\\20260715_144019_CCSFca1cb_br.zip","",0,null],["cb9bb_br.ccs","",1,"C:\\games\\areaserver\\FragmentModKit\\FragmenterFresh\\project\\reports\\visual_flags\\20260715_165749_CCSFcb9bb_br.zip","",0,null],["cwdhkn08.ccs","",0,"","Initial Pose",0,[-2.836115978609261,0.45341873317392944,1.25,0.0,0.0,"Dark Gray",[-0.6704582832923117,0.7247394559639553,0.15886601692557328,0.6909355003287262,0.5318575703076466,0.4896280826218402,0.2703586964575382,0.43804137461604803,-0.857336532158909],[-0.8110760893726178,-1.3141241238481463,2.572009596476725]]],["e5ax.ccs","not sure what this is.",0,"","",0,null],["egg1.ccs","",1,"C:\\games\\areaserver\\FragmentModKit\\FragmenterFresh\\project\\reports\\visual_flags\\20260714_214329_CCSFegg1.zip","",0,null],["evx1.ccs","no idea ~Fade",0,"","",0,null],["sdba.ccs","wireframe is a box, texture just loads invisible? weird.",1,"C:\\games\\areaserver\\FragmentModKit\\FragmenterFresh\\project\\reports\\visual_flags\\20260715_190013_CCSFsdba.zip","",0,null],["t2.ccs","no wireframe",1,"C:\\games\\areaserver\\FragmentModKit\\FragmenterFresh\\project\\reports\\visual_flags\\20260714_234003_CCSFt2.zip","",0,null],["x71.ccs","Did Septhiroth do this? ~Fade",0,"","",0,null],["xgfood00.ccs","golden egg",0,"","ANM_xgfood00a",0,[2.7663182099434818,1.4399069210064828,1.25,0.0,0.0,"Dark Gray",[-0.9867492435873788,-0.06577762423343672,-0.1483213889833182,-0.15504025243361869,0.11272856048403572,0.981455445640054,-0.04783775083608946,0.9914462041893155,-0.12143300125395205],[0.14351325250826474,-2.974338612567956,0.36429900376188173]]],["xpb4e_gr.ccs","camera position example, this profile picture is facing camera.",0,"","Initial Pose",0,[-3.1225019301125276,0.01916647690471525,1.7561600000000004,0.0,0.0,"Dark Gray",[-0.9930679944048407,0.1163445848455104,-0.016730094616386824,0.11598138165780904,0.9930239819465243,0.0212530089120305,0.019086057672894674,0.019165303446463916,-0.99963413984633],[-0.05725817301868334,-0.05749591033938274,2.998902419538997]]]]}
